Sref = 310.000210 
Cref = 6.214920 
Bref = 49.880000 
X_cg = -2.816735 
Y_cg = -0.000028 
Z_cg = 0.560107 
Mach = 0.200000 
AoA = -10,-5,0,5,10,15,20,25,30
Beta = -30,-20,-10,0,10,20,30
Vinf = 168.000000 
Rho = 0.002377 
ReCref = 10000000.000000 
ClMax = -999.000000 
MaxTurningAngle = -1.000000 
Symmetry = NO 
FarDist = -1.000000 
NumWakeNodes = 64 
WakeIters = 10
NumberOfControlGroups = 0 
Preconditioner = Matrix 
Karman-Tsien Correction = N 
Stability Type = 1 
